MODELIZACIÓN 2018

TRABAJO PRÁCTICO
Tutor: Manuel Abellanas (manuel.abellanas@upm.es)
Alumnos: 
Belén García-Muñoz Ibáñez
Francisco del Real Escudero

 SUAVIZADO DE CURVAS

1. Describir formalmente el problema. ###########

2. Describir formalmente los métodos vistos en el seminario.############
   - Metodo de los puntos medios #################
   - Metodo de la ecuacion del calor discreta###################

3. Diseñar un método propio que incluya la eliminación de ruido en los datos.------------------*************

4. Implementar los métodos descritos. ###################

5. Diseñar e implementar un método para obtener curvas poligonales para testar los métodos.----------------************

6. Analizar experimentalmente los diferentes métodos y hacer un estudio comparativo de los resultados.
Para curvas cerradas, analizar resultados dependiendo del punto inicial de la curva.
*************************************LUNES*************************************************



7. Redactar la memoria del trabajo realizado.
8. Preparar la presentación pública de resultados.








ejemplo1=[[-13.79,6.9],[-11.07,-4.44],[-9.05,7.22],[-6.29,-4.58],[-4.43,7.32],[-2.13,-4.54],[-0.07,7.56],[2.65,-4.66],[5.41,7.6],[7.81,-4.48],[10.83,8.1],[13.95,-6.94],[10.75,1.82],[7.89,-7.12],[5.29,2.2],[2.65,-7.2],[0.15,2.18],[-2.11,-7.32],[-4.45,1.94],[-6.31,-7.44],[-8.89,1.88],[-11.11,-6.76],[-13.41,2.04],[-14.67,-6.72]]


ejemplo2=[[-12.9902,-4.84314],[-13.0294,-4.23529],[-13.0294,-3.60784],[-13.049,-3.01961],[-13.049,-2.41176],[-13.049,-1.80392],[-13.049,-1.19608],[-13.049,-0.568627],[-13.0686,0.0196078],[-13.0686,0.627451],[-13.049,1.21569],[-13.049,1.82353],[-13.0294,2.43137],[-13.0098,3.03922],[-13.0098,3.66667],[-13.0098,4.2549],[-12.951,4.84314],[-12.9118,5.45098],[-12.6569,6.01961],[-12.3824,6.56863],[-11.9706,7.03922],[-11.4412,7.31373],[-10.8725,7.52941],[-10.2843,7.60784],[-9.69608,7.45098],[-9.22549,7.03922],[-8.93137,6.52941],[-8.79412,5.92157],[-8.65686,5.31373],[-8.63725,4.68627],[-8.63725,4.07843],[-8.63725,3.47059],[-8.53922,2.86275],[-8.53922,2.2549],[-8.53922,1.64706],[-8.53922,1.03922],[-8.51961,0.45098],[-8.46078,-0.137255],[-8.34314,-0.72549],[-8.06863,-1.27451],[-7.69608,-1.7451],[-7.12745,-2.01961],[-6.53922,-2.07843],[-5.93137,-2.05882],[-5.48039,-1.66667],[-5.18627,-1.09804],[-4.95098,-0.529412],[-4.93137,0.0588235],[-4.85294,0.647059],[-4.83333,1.23529],[-4.83333,1.82353],[-4.7549,2.41176],[-4.73529,3],[-4.73529,3.58824],[-4.73529,4.17647],[-4.73529,4.78431],[-4.55882,5.37255],[-4.55882,5.98039],[-4.53922,6.58824],[-4.28431,7.15686],[-3.89216,7.62745],[-3.38235,8],[-2.81373,8.15686],[-2.20588,8.17647],[-1.59804,8.05882],[-1.22549,7.56863],[-1.06863,6.94118],[-0.970588,6.35294],[-0.95098,5.7451],[-0.95098,5.15686],[-0.833333,4.56863],[-0.676471,3.98039],[-0.539216,3.35294],[-0.5,2.72549],[-0.480392,2.07843],[-0.460784,1.47059],[-0.421569,0.882353],[-0.421569,0.294118],[-0.166667,-0.254902],[0.166667,-0.745098],[0.558824,-1.19608],[1.14706,-1.45098],[1.7549,-1.4902],[2.26471,-1.13725],[2.65686,-0.666667],[2.87255,-0.0784314],[2.9902,0.509804],[3.0098,1.13725],[3.02941,1.76471],[3.04902,2.47059],[3.04902,3.11765],[3.04902,3.76471],[3.04902,4.37255],[3.04902,5],[3.04902,5.58824],[3.06863,6.21569],[3.18627,6.82353],[3.46078,7.35294],[3.85294,7.82353],[4.38235,8.09804],[4.9902,8.15686],[5.59804,8.15686],[6.20588,8.09804],[6.77451,7.80392],[7.16667,7.29412],[7.5,6.72549],[7.69608,6.15686],[7.81373,5.56863],[7.95098,4.96078],[8.04902,4.37255],[8.08824,3.78431],[8.20588,3.15686],[8.32353,2.4902],[8.46078,1.84314],[8.53922,1.15686],[8.61765,0.568627],[8.61765,-0.0588235],[8.61765,-0.686275],[8.61765,-1.33333],[8.44118,-1.94118],[8.36275,-2.52941],[8.34314,-3.15686],[8.34314,-3.76471],[8.14706,-4.54902],[7.32353,-4.70588],[6.57843,-4.39216],[6.44118,-3.58824],[6.26471,-2.82353],[6.18627,-2.03922],[6.18627,-1.2549],[6.18627,-0.431373],[6.18627,0.764706],[6.12745,1.94118],[6.14706,3.13725],[5.91176,4.29412],[5.59804,5.45098],[4.59804,4.82353],[4.51961,3.64706],[4.53922,2.45098],[4.53922,1.23529],[4.53922,0.0392157],[4.48039,-1.15686],[4.18627,-2.33333],[3.81373,-3.4902],[3.02941,-4.39216],[1.85294,-4.56863],[0.696078,-4.35294],[-0.362745,-3.82353],[-1.08824,-2.86275],[-1.40196,-1.72549],[-1.48039,-0.54902],[-1.59804,0.647059],[-1.65686,1.88235],[-1.87255,3.07843],[-2.02941,4.27451],[-2.34314,5.43137],[-3.44118,5],[-3.55882,3.80392],[-3.46078,2.60784],[-3.67647,1.39216],[-3.7549,0.215686],[-3.7549,-0.980392],[-3.7549,-2.15686],[-4.26471,-3.2549],[-5.10784,-4.07843],[-6.26471,-4.37255],[-7.46078,-4.37255],[-8.63725,-4.31373],[-9.44118,-3.45098],[-9.91176,-2.31373],[-9.9902,-1.09804],[-10.1863,0.176471],[-10.2255,1.35294],[-10.2451,2.52941],[-10.4608,3.72549],[-10.9314,4.82353],[-11.6176,3.86275],[-11.6373,2.66667],[-11.6569,1.4902],[-11.6373,0.294118],[-11.6373,-0.921569],[-11.6765,-2.09804],[-11.6373,-3.31373],[-11.6176,-4.4902],[-11.7549,-5.66667],[-12.7745,-5.84314]]


ejemplo3=[[-2.40196,-7.64706],[-4.20588,-7.4902],[-5.9902,-7.29412],[-7.73529,-6.70588],[-9.38235,-5.90196],[-10.5784,-4.54902],[-11.5196,-2.98039],[-11.9118,-1.23529],[-12.0686,0.529412],[-11.9118,2.29412],[-11.5588,4.21569],[-10.4412,5.58824],[-9.04902,6.72549],[-7.5,7.62745],[-5.69608,7.96078],[-3.95098,8.23529],[-2.14706,8.60784],[-0.362745,8.70588],[1.48039,8.70588],[3.2451,8.39216],[4.9902,8.09804],[6.65686,7.4902],[7.71569,6.07843],[8.55882,4.4902],[8.91176,2.70588],[8.95098,0.941176],[8.36275,-0.745098],[7.2451,-2.15686],[5.89216,-3.29412],[4.12745,-3.7451],[2.36275,-4.03922],[0.519608,-4.07843],[-1.30392,-4.07843],[-3.0098,-3.52941],[-4.69608,-2.98039],[-5.9902,-1.7451],[-6.81373,-0.117647],[-6.9902,1.66667],[-6.28431,3.29412],[-4.77451,4.2549],[-3.06863,4.86275],[-1.30392,5.33333],[0.5,5.09804],[2.26471,4.90196],[3.59804,3.70588],[3.97059,1.96078],[2.83333,0.588235],[1.14706,-0.0196078],[-0.656863,-0.0392157],[-2.18627,0.843137],[-1.85294,1.7451],[-0.911765,2.03922],[0.0882353,2.05882],[0.754902,2.21569],[0.833333,2.41176],[0.892157,2.60784],[0.892157,2.80392],[0.852941,3.01961],[0.715686,3.17647],[0.539216,3.31373],[0.362745,3.41176],[0.166667,3.45098],[-0.0294118,3.52941],[-0.264706,3.60784],[-0.480392,3.58824],[-0.696078,3.56863],[-0.892157,3.56863],[-1.08824,3.56863],[-1.30392,3.4902],[-1.51961,3.45098],[-1.73529,3.39216],[-1.93137,3.33333],[-2.16667,3.2549],[-2.40196,3.19608],[-2.59804,3.13725],[-2.83333,3.03922],[-3.02941,2.98039],[-3.22549,2.90196],[-3.42157,2.78431],[-3.57843,2.66667],[-3.7549,2.54902],[-3.91176,2.37255],[-4.04902,2.19608],[-4.14706,1.98039],[-4.20588,1.78431],[-4.26471,1.54902],[-4.28431,1.35294],[-4.28431,1.15686],[-4.28431,0.941176],[-4.28431,0.72549],[-4.28431,0.490196],[-4.26471,0.294118],[-4.22549,0.0588235],[-4.22549,-0.156863],[-4.16667,-0.352941],[-4.04902,-0.509804],[-3.89216,-0.647059],[-3.69608,-0.745098],[-3.51961,-0.862745],[-3.36275,-0.980392],[-3.12745,-1.11765],[-2.89216,-1.23529],[-2.69608,-1.35294],[-2.46078,-1.45098],[-2.2451,-1.58824],[-2.04902,-1.68627],[-1.79412,-1.70588],[-1.53922,-1.78431],[-1.32353,-1.82353],[-1.12745,-1.82353],[-0.911765,-1.82353],[-0.676471,-1.82353],[-0.480392,-1.82353],[-0.245098,-1.82353],[0.00980392,-1.84314],[0.22549,-1.84314],[0.441176,-1.84314],[0.656863,-1.86275],[0.892157,-1.86275],[1.10784,-1.86275],[1.30392,-1.86275],[1.5,-1.82353],[1.69608,-1.82353],[1.91176,-1.82353],[2.10784,-1.80392],[2.34314,-1.78431],[2.59804,-1.7451],[2.79412,-1.70588],[3.02941,-1.64706],[3.28431,-1.54902],[3.5,-1.47059],[3.71569,-1.37255],[3.91176,-1.2549],[4.12745,-1.11765],[4.32353,-1],[4.48039,-0.843137],[4.63725,-0.666667],[4.77451,-0.470588],[4.89216,-0.27451],[4.9902,-0.0588235],[5.06863,0.196078],[5.12745,0.411765],[5.20588,0.607843],[5.2451,0.823529],[5.2451,1.01961],[5.2451,1.23529],[5.2451,1.47059],[5.2451,1.70588],[5.2451,1.94118],[5.2451,2.13725],[5.28431,2.33333],[5.30392,2.56863],[5.30392,2.86275],[5.30392,3.11765],[5.30392,3.33333],[5.30392,3.58824],[5.28431,3.80392],[5.20588,4.03922],[5.10784,4.21569],[4.9902,4.43137],[4.87255,4.64706],[4.79412,4.84314],[4.67647,5.03922],[4.51961,5.19608],[4.38235,5.39216],[4.2451,5.58824],[4.04902,5.76471],[3.87255,5.94118],[3.67647,6.05882],[3.5,6.15686],[3.28431,6.2549],[3.02941,6.37255],[2.83333,6.45098],[2.61765,6.5098],[2.42157,6.54902],[2.22549,6.60784],[2.02941,6.64706],[1.83333,6.72549],[1.63725,6.7451],[1.42157,6.7451],[1.18627,6.7451],[0.990196,6.7451],[0.77451,6.80392],[0.558824,6.84314],[0.323529,6.84314],[0.0686275,6.84314],[-0.166667,6.86275],[-0.362745,6.86275],[-0.578431,6.86275],[-0.833333,6.88235],[-1.04902,6.90196],[-1.26471,6.90196],[-1.51961,6.90196],[-1.77451,6.90196],[-2.02941,6.90196],[-2.2451,6.90196],[-2.44118,6.80392],[-2.63725,6.80392],[-2.87255,6.76471],[-3.12745,6.72549],[-3.36275,6.66667],[-3.55882,6.64706],[-3.77451,6.58824],[-3.97059,6.52941],[-4.18627,6.45098],[-4.42157,6.37255],[-4.63725,6.29412],[-4.83333,6.21569],[-5.04902,6.13725],[-5.26471,6.09804],[-5.48039,6.03922],[-5.69608,5.98039],[-5.95098,5.92157],[-6.18627,5.86275],[-6.40196,5.78431],[-6.59804,5.70588],[-6.7549,5.56863],[-6.91176,5.45098],[-7.08824,5.29412],[-7.26471,5.17647],[-7.42157,5.03922],[-7.59804,4.88235],[-7.77451,4.7451],[-7.91176,4.58824],[-8.0098,4.41176],[-8.12745,4.23529],[-8.18627,4],[-8.26471,3.80392],[-8.36275,3.58824],[-8.48039,3.33333],[-8.51961,3.11765],[-8.55882,2.90196],[-8.61765,2.70588],[-8.65686,2.4902],[-8.67647,2.29412],[-8.71569,2.09804],[-8.7549,1.82353],[-8.79412,1.56863],[-8.79412,1.37255],[-8.79412,1.15686],[-8.79412,0.960784],[-8.81373,0.764706],[-8.83333,0.509804],[-8.83333,0.27451],[-8.83333,0.0588235],[-8.83333,-0.137255],[-8.83333,-0.372549],[-8.83333,-0.568627],[-8.81373,-0.803922],[-8.7549,-1.05882],[-8.69608,-1.27451],[-8.59804,-1.47059],[-8.63725,-1.70588],[-8.67647,-2.01961],[-8.67647,-2.41176],[-8.67647,-2.66667],[-8.63725,-2.86275],[-8.53922,-3.03922],[-8.38235,-3.21569],[-8.20588,-3.39216],[-8.02941,-3.52941],[-7.81373,-3.68627],[-7.59804,-3.84314],[-7.40196,-3.94118],[-7.16667,-4.05882],[-6.95098,-4.13725],[-6.69608,-4.21569],[-6.40196,-4.27451],[-6.12745,-4.29412],[-5.85294,-4.31373],[-5.59804,-4.31373],[-5.40196,-4.33333],[-5.12745,-4.35294],[-4.83333,-4.39216],[-4.59804,-4.43137],[-4.34314,-4.47059],[-4.14706,-4.47059],[-3.91176,-4.52941],[-3.65686,-4.58824],[-3.44118,-4.60784],[-3.22549,-4.64706],[-3.02941,-4.70588],[-2.83333,-4.82353],[-2.61765,-4.90196],[-2.36275,-5],[-2.12745,-5.07843],[-1.89216,-5.15686],[-1.61765,-5.21569],[-1.42157,-5.23529],[-1.20588,-5.2549],[-0.990196,-5.29412],[-0.77451,-5.33333],[-0.539216,-5.39216],[-0.343137,-5.43137],[-0.147059,-5.47059],[0.0882353,-5.54902],[0.303922,-5.62745],[0.441176,-5.78431],[0.598039,-5.94118],[0.676471,-6.17647],[0.715686,-6.39216],[0.735294,-6.58824],[0.735294,-6.78431],[0.735294,-6.98039],[0.676471,-7.19608],[0.539216,-7.37255],[0.382353,-7.4902],[0.205882,-7.62745],[0.00980392,-7.7451],[-0.186275,-7.78431],[-0.382353,-7.80392],[-0.598039,-7.80392],[-0.794118,-7.82353],[-1.0098,-7.82353],[-1.20588,-7.82353],[-1.40196,-7.82353]]


ejemplo4=[[-11.5,-7.03922],[-11.6961,-7.01961],[-11.8922,-6.98039],[-12.0882,-6.98039],[-12.2843,-6.94118],[-12.4804,-6.88235],[-12.6765,-6.78431],[-12.8529,-6.68627],[-13.0098,-6.56863],[-13.1667,-6.41176],[-13.3235,-6.29412],[-13.4412,-6.13725],[-13.5,-5.94118],[-13.5392,-5.7451],[-13.5588,-5.54902],[-13.5588,-5.33333],[-13.5392,-5.13725],[-13.3824,-5],[-13.1667,-4.90196],[-12.9706,-4.86275],[-12.8333,-5.01961],[-12.7941,-5.21569],[-12.7745,-5.41176],[-12.7745,-5.60784],[-12.6765,-5.78431],[-12.5588,-5.96078],[-12.402,-6.07843],[-12.2059,-6.15686],[-12.0098,-6.21569],[-11.8137,-6.21569],[-11.6373,-6.09804],[-11.5588,-5.90196],[-11.5392,-5.70588],[-11.5392,-5.5098],[-11.7353,-5.43137],[-11.9314,-5.37255],[-12.1078,-5.2549],[-12.1863,-5.05882],[-12.2059,-4.86275],[-12.2451,-4.62745],[-12.2647,-4.43137],[-12.3627,-4.2549],[-12.5588,-4.17647],[-12.7549,-4.15686],[-12.951,-4.15686],[-13.1471,-4.15686],[-13.3431,-4.15686],[-13.5588,-4.17647],[-13.7549,-4.13725],[-13.7941,-3.94118],[-13.7941,-3.7451],[-13.7941,-3.52941],[-13.7941,-3.33333],[-13.6569,-3.17647],[-13.4608,-3.07843],[-13.2451,-3],[-13.049,-2.96078],[-12.8529,-2.92157],[-12.6569,-2.92157],[-12.4608,-2.92157],[-12.2647,-3],[-12.0686,-3.07843],[-11.9118,-3.21569],[-11.8137,-3.41176],[-11.7549,-3.60784],[-11.7353,-3.80392],[-11.7353,-4.01961],[-11.7157,-4.23529],[-11.6569,-4.43137],[-11.5,-4.56863],[-11.3039,-4.58824],[-11.1078,-4.5098],[-11.049,-4.27451],[-11.0098,-4.07843],[-11.0098,-3.88235],[-10.9706,-3.68627],[-10.9314,-3.4902],[-10.9118,-3.29412],[-10.9118,-3.09804],[-10.9118,-2.88235],[-10.951,-2.68627],[-11.1078,-2.54902],[-11.2843,-2.45098],[-11.4804,-2.37255],[-11.6765,-2.29412],[-11.8725,-2.2549],[-12.0686,-2.23529],[-12.2255,-2.09804],[-12.3039,-1.90196],[-12.3039,-1.70588],[-12.3039,-1.4902],[-12.3039,-1.29412],[-12.3039,-1.09804],[-12.4216,-0.941176],[-12.6176,-0.901961],[-12.8137,-0.980392],[-12.9706,-1.09804],[-13.0098,-1.29412],[-13.0098,-1.4902],[-13.0294,-1.68627],[-13.0882,-1.88235],[-13.2059,-2.03922],[-13.3627,-2.15686],[-13.5392,-2.2549],[-13.7353,-2.2549],[-13.8529,-2.09804],[-13.8922,-1.90196],[-13.9118,-1.70588],[-13.8725,-1.5098],[-13.8333,-1.31373],[-13.8137,-1.11765],[-13.8137,-0.921569],[-13.7549,-0.72549],[-13.7157,-0.529412],[-13.6176,-0.352941],[-13.4412,-0.196078],[-13.2647,-0.0784314],[-13.049,0.0196078],[-12.8333,0.0980392],[-12.6373,0.137255],[-12.4412,0.137255],[-12.2255,0.137255],[-12.0294,0.137255],[-11.8137,0.137255],[-11.6765,-0.0196078],[-11.6765,-0.235294],[-11.6569,-0.431373],[-11.6569,-0.627451],[-11.6569,-0.823529],[-11.6569,-1.03922],[-11.6373,-1.23529],[-11.5,-1.39216],[-11.3039,-1.45098],[-11.1078,-1.4902],[-10.8922,-1.4902],[-10.6961,-1.4902],[-10.4804,-1.4902],[-10.2843,-1.4902],[-10.1667,-1.66667],[-10.1275,-1.86275],[-10.1275,-2.05882],[-10.1275,-2.2549],[-10.1275,-2.45098],[-9.95098,-2.56863],[-9.7549,-2.58824],[-9.53922,-2.58824],[-9.34314,-2.58824],[-9.14706,-2.58824],[-8.95098,-2.60784],[-8.87255,-2.80392],[-8.83333,-3],[-8.83333,-3.19608],[-8.91176,-3.39216],[-9.12745,-3.4902],[-9.32353,-3.4902],[-9.51961,-3.4902],[-9.71569,-3.4902],[-9.91176,-3.43137],[-10.0098,-3.62745],[-10.049,-3.84314],[-10.0686,-4.03922],[-10.1078,-4.23529],[-10.1078,-4.43137],[-9.89216,-4.47059],[-9.69608,-4.47059],[-9.5,-4.47059],[-9.30392,-4.43137],[-9.08824,-4.39216],[-8.89216,-4.33333],[-8.69608,-4.29412],[-8.5,-4.23529],[-8.32353,-4.13725],[-8.12745,-4.07843],[-7.93137,-4],[-7.7549,-3.88235],[-7.59804,-3.68627],[-7.46078,-3.4902],[-7.42157,-3.29412],[-7.36275,-3.07843],[-7.34314,-2.88235],[-7.34314,-2.66667],[-7.34314,-2.47059],[-7.34314,-2.27451],[-7.34314,-2.07843],[-7.44118,-1.86275],[-7.65686,-1.78431],[-7.85294,-1.68627],[-8.04902,-1.66667],[-8.2451,-1.66667],[-8.44118,-1.66667],[-8.63725,-1.66667],[-8.83333,-1.66667],[-9.0098,-1.56863],[-9.06863,-1.33333],[-9.06863,-1.13725],[-9.06863,-0.921569],[-9.14706,-0.72549],[-9.30392,-0.607843],[-9.46078,-0.45098],[-9.65686,-0.372549],[-9.85294,-0.352941],[-10.0882,-0.352941],[-10.2843,-0.352941],[-10.4804,-0.333333],[-10.6765,-0.235294],[-10.7745,-0.0392157],[-10.7941,0.156863],[-10.7941,0.352941],[-10.7941,0.54902],[-10.7941,0.745098],[-10.7941,0.941176],[-10.951,1.07843],[-11.1471,1.11765],[-11.3431,1.19608],[-11.5392,1.19608],[-11.7353,1.19608],[-11.951,1.17647],[-12.1667,1.17647],[-12.3627,1.17647],[-12.5588,1.17647],[-12.7745,1.17647],[-12.9902,1.17647],[-13.2451,1.17647],[-13.4608,1.17647],[-13.6569,1.2549],[-13.7745,1.43137],[-13.8333,1.62745],[-13.8529,1.82353],[-13.8529,2.05882],[-13.7745,2.2549],[-13.5588,2.35294],[-13.3627,2.37255],[-13.1667,2.37255],[-12.951,2.37255],[-12.7549,2.35294],[-12.5588,2.35294],[-12.3627,2.31373],[-12.1667,2.31373],[-11.951,2.31373],[-11.8922,2.5098],[-11.8529,2.72549],[-11.8137,2.92157],[-11.7745,3.13725],[-11.7745,3.33333],[-11.8922,3.4902],[-12.0882,3.56863],[-12.2843,3.56863],[-12.4804,3.56863],[-12.6765,3.56863],[-12.8725,3.56863],[-13.0686,3.54902],[-13.2843,3.52941],[-13.5,3.52941],[-13.6569,3.64706],[-13.7549,3.82353],[-13.7941,4.01961],[-13.6176,4.11765],[-13.4216,4.19608],[-13.2255,4.2549],[-13.0294,4.29412],[-12.8333,4.33333],[-12.6373,4.35294],[-12.4216,4.35294],[-12.2255,4.35294],[-12.0294,4.37255],[-11.8333,4.37255],[-11.6373,4.39216],[-11.4216,4.39216],[-11.2255,4.39216],[-11.0294,4.39216],[-10.8333,4.33333],[-10.7549,4.11765],[-10.7353,3.92157],[-10.7353,3.72549],[-10.7353,3.52941],[-10.7353,3.33333],[-10.7353,3.13725],[-10.7353,2.94118],[-10.7157,2.7451],[-10.598,2.58824],[-10.4412,2.45098],[-10.2647,2.35294],[-10.049,2.31373],[-9.85294,2.31373],[-9.65686,2.31373],[-9.5,2.47059],[-9.36275,2.62745],[-9.32353,2.84314],[-9.32353,3.03922],[-9.34314,3.23529],[-9.34314,3.43137],[-9.34314,3.62745],[-9.34314,3.82353],[-9.34314,4.01961],[-9.32353,4.23529],[-9.32353,4.43137],[-9.32353,4.62745],[-9.32353,4.82353],[-9.42157,5.01961],[-9.57843,5.13725],[-9.77451,5.19608],[-9.9902,5.19608],[-10.2059,5.19608],[-10.402,5.19608],[-10.6176,5.19608],[-10.8137,5.19608],[-11.0294,5.19608],[-11.2451,5.19608],[-11.4412,5.19608],[-11.6373,5.19608],[-11.8333,5.19608],[-12.0294,5.19608],[-12.2255,5.19608],[-12.4216,5.19608],[-12.6176,5.19608],[-12.8137,5.19608],[-13.0294,5.19608],[-13.2451,5.2549],[-13.4216,5.45098],[-13.5196,5.62745],[-13.5784,5.82353],[-13.5588,6.01961],[-13.5588,6.21569],[-13.5588,6.43137],[-13.5588,6.64706],[-13.5588,6.86275],[-13.5588,7.07843],[-13.5588,7.29412],[-13.4804,7.52941],[-13.3431,7.68627],[-13.1863,7.84314],[-12.9902,7.92157],[-12.7745,7.96078],[-12.5784,7.96078],[-12.402,7.86275],[-12.3235,7.66667],[-12.2843,7.47059],[-12.2843,7.2549],[-12.2843,7.05882],[-12.2647,6.86275],[-12.2647,6.66667],[-12.2647,6.45098],[-12.2647,6.2549],[-12.1667,6.07843],[-11.9902,5.98039],[-11.7941,5.92157],[-11.598,5.90196],[-11.402,5.90196],[-11.2451,6.07843],[-11.1667,6.29412],[-11.1471,6.5098],[-11.1471,6.7451],[-11.1471,7.01961],[-11.1471,7.21569],[-11.1471,7.43137],[-11.1471,7.62745],[-10.9902,7.82353],[-10.7941,7.92157],[-10.598,8],[-10.3824,8.05882],[-10.1863,8.09804],[-9.9902,8.07843],[-9.81373,7.96078],[-9.71569,7.78431],[-9.69608,7.58824],[-9.69608,7.35294],[-9.67647,7.15686],[-9.55882,6.98039],[-9.40196,6.86275],[-9.18627,6.82353],[-8.97059,6.80392],[-8.73529,6.80392],[-8.53922,6.80392],[-8.44118,7],[-8.40196,7.19608],[-8.40196,7.39216],[-8.40196,7.62745],[-8.38235,7.82353],[-8.2451,8],[-8.08824,8.15686],[-7.87255,8.21569],[-7.67647,8.21569],[-7.46078,8.21569],[-7.26471,8.21569],[-7.06863,8.13725],[-6.87255,8.03922],[-6.67647,7.94118],[-6.61765,7.72549],[-6.61765,7.52941],[-6.61765,7.33333],[-6.61765,7.11765],[-6.61765,6.92157],[-6.61765,6.70588],[-6.61765,6.5098],[-6.61765,6.29412],[-6.61765,6.09804],[-6.61765,5.88235],[-6.67647,5.68627],[-6.87255,5.64706],[-7.06863,5.62745],[-7.26471,5.62745],[-7.46078,5.62745],[-7.67647,5.62745],[-7.87255,5.56863],[-7.97059,5.39216],[-8.04902,5.19608],[-8.06863,4.98039],[-8.08824,4.76471],[-8.08824,4.56863],[-7.91176,4.47059],[-7.69608,4.39216],[-7.48039,4.37255],[-7.2451,4.37255],[-7.04902,4.37255],[-6.85294,4.37255],[-6.65686,4.35294],[-6.46078,4.35294],[-6.26471,4.35294],[-6.06863,4.45098],[-5.93137,4.60784],[-5.87255,4.80392],[-5.73529,5.01961],[-5.63725,5.19608],[-5.57843,5.39216],[-5.48039,5.60784],[-5.38235,5.82353],[-5.32353,6.01961],[-5.32353,6.23529],[-5.32353,6.4902],[-5.32353,6.7451],[-5.32353,7],[-5.32353,7.19608],[-5.32353,7.45098],[-5.2451,7.66667],[-5.10784,7.84314],[-4.95098,8],[-4.7549,8.03922],[-4.55882,8.03922],[-4.36275,8.03922],[-4.14706,8.03922],[-3.85294,7.98039],[-3.69608,7.82353],[-3.61765,7.58824],[-3.59804,7.37255],[-3.57843,7.17647],[-3.57843,6.96078],[-3.57843,6.7451],[-3.57843,6.54902],[-3.57843,6.35294],[-3.61765,6.15686],[-3.67647,5.96078],[-3.7549,5.76471],[-3.61765,5.60784],[-3.42157,5.60784],[-3.22549,5.60784],[-3.0098,5.60784],[-2.79412,5.60784],[-2.57843,5.60784],[-2.36275,5.60784],[-2.16667,5.60784],[-1.9902,5.5098],[-1.91176,5.31373],[-1.89216,5.11765],[-1.89216,4.90196],[-1.89216,4.68627],[-1.89216,4.45098],[-1.89216,4.2549],[-2.0098,4.09804],[-2.20588,4.03922],[-2.40196,4.01961],[-2.61765,4.01961],[-2.81373,4.01961],[-3.06863,4.01961],[-3.32353,4.01961],[-3.51961,4.05882],[-3.7549,4.13725],[-3.97059,4.19608],[-4.16667,4.19608],[-4.36275,4.15686],[-4.44118,3.96078],[-4.55882,3.76471],[-4.61765,3.56863],[-4.65686,3.37255],[-4.65686,3.17647],[-4.73529,2.98039],[-4.93137,2.84314],[-5.14706,2.78431],[-5.36275,2.76471],[-5.55882,2.76471],[-5.77451,2.76471],[-5.9902,2.76471],[-6.18627,2.76471],[-6.38235,2.76471],[-6.57843,2.76471],[-6.77451,2.76471],[-6.97059,2.76471],[-7.16667,2.76471],[-7.36275,2.72549],[-7.55882,2.72549],[-7.7549,2.64706],[-7.93137,2.4902],[-7.9902,2.29412],[-7.9902,2.09804],[-7.9902,1.90196],[-7.97059,1.68627],[-7.95098,1.4902],[-8.16667,1.43137],[-8.38235,1.43137],[-8.57843,1.43137],[-8.77451,1.43137],[-8.97059,1.39216],[-9.16667,1.29412],[-9.26471,1.11765],[-9.26471,0.901961],[-9.18627,0.705882],[-8.9902,0.647059],[-8.79412,0.607843],[-8.59804,0.607843],[-8.38235,0.607843],[-8.20588,0.490196],[-8.10784,0.313725],[-8.06863,0.0980392],[-8.06863,-0.0980392],[-8.06863,-0.313725],[-8.06863,-0.509804],[-8.06863,-0.705882],[-7.9902,-0.901961],[-7.79412,-0.941176],[-7.59804,-0.921569],[-7.38235,-0.862745],[-7.18627,-0.764706],[-6.9902,-0.686275],[-6.81373,-0.588235],[-6.63725,-0.431373],[-6.5,-0.27451],[-6.5,-0.0784314],[-6.5,0.117647],[-6.53922,0.333333],[-6.61765,0.588235],[-6.65686,0.784314],[-6.67647,1],[-6.69608,1.21569],[-6.67647,1.41176],[-6.48039,1.52941],[-6.26471,1.56863],[-6.06863,1.56863],[-5.87255,1.56863],[-5.65686,1.56863],[-5.44118,1.58824],[-5.2451,1.58824],[-5.04902,1.58824],[-4.85294,1.58824],[-4.63725,1.58824],[-4.44118,1.56863],[-4.2451,1.54902],[-4.02941,1.54902],[-3.81373,1.54902],[-3.67647,1.70588],[-3.63725,1.94118],[-3.63725,2.15686],[-3.63725,2.35294],[-3.63725,2.54902],[-3.63725,2.7451],[-3.48039,2.94118],[-3.28431,3.01961],[-3.06863,3.05882],[-2.83333,3.07843],[-2.63725,3.07843],[-2.44118,3],[-2.28431,2.88235],[-2.2451,2.68627],[-2.20588,2.4902],[-2.14706,2.29412],[-2.10784,2.09804],[-2.04902,1.90196],[-2.02941,1.68627],[-2.02941,1.4902],[-2.02941,1.29412],[-2.02941,1.07843],[-2.06863,0.882353],[-2.14706,0.686275],[-2.2451,0.490196],[-2.44118,0.392157],[-2.63725,0.313725],[-2.83333,0.313725],[-3.02941,0.313725],[-3.22549,0.313725],[-3.42157,0.313725],[-3.61765,0.313725],[-3.77451,0.156863],[-3.83333,-0.0588235],[-3.83333,-0.254902],[-3.83333,-0.45098],[-3.83333,-0.705882],[-4.0098,-0.843137],[-4.20588,-0.862745],[-4.40196,-0.901961],[-4.59804,-0.921569],[-4.7549,-0.764706],[-4.85294,-0.54902],[-4.91176,-0.352941],[-4.91176,-0.137255],[-4.91176,0.0784314],[-4.91176,0.27451],[-5.10784,0.352941],[-5.30392,0.352941],[-5.5,0.352941],[-5.67647,0.235294],[-5.69608,0.0392157],[-5.69608,-0.156863],[-5.67647,-0.352941],[-5.65686,-0.54902],[-5.61765,-0.745098],[-5.57843,-0.941176],[-5.55882,-1.13725],[-5.53922,-1.33333],[-5.53922,-1.52941],[-5.53922,-1.7451],[-5.57843,-1.94118],[-5.63725,-2.15686],[-5.67647,-2.35294],[-5.69608,-2.54902],[-5.5,-2.58824],[-5.28431,-2.58824],[-5.06863,-2.58824],[-4.87255,-2.56863],[-4.67647,-2.52941],[-4.46078,-2.4902],[-4.26471,-2.47059],[-4.06863,-2.41176],[-3.89216,-2.31373],[-3.67647,-2.21569],[-3.48039,-2.13725],[-3.32353,-2.01961],[-3.2451,-1.82353],[-3.2451,-1.60784],[-3.2451,-1.41176],[-3.18627,-1.19608],[-3.0098,-1.05882],[-2.81373,-1.01961],[-2.59804,-0.960784],[-2.40196,-0.960784],[-2.20588,-0.960784],[-2.0098,-0.960784],[-1.91176,-1.13725],[-1.91176,-1.33333],[-1.91176,-1.54902],[-1.91176,-1.76471],[-1.91176,-1.96078],[-1.91176,-2.21569],[-1.91176,-2.45098],[-1.91176,-2.64706],[-1.91176,-2.86275],[-1.91176,-3.05882],[-1.89216,-3.2549],[-1.89216,-3.45098],[-1.87255,-3.66667],[-1.87255,-3.86275],[-1.83333,-4.05882],[-1.81373,-4.2549],[-1.85294,-4.45098],[-2.06863,-4.4902],[-2.28431,-4.52941],[-2.5,-4.56863],[-2.71569,-4.60784],[-2.93137,-4.64706],[-3.12745,-4.64706],[-3.26471,-4.47059],[-3.26471,-4.2549],[-3.26471,-4.05882],[-3.26471,-3.86275],[-3.26471,-3.62745],[-3.44118,-3.52941],[-3.67647,-3.5098],[-3.93137,-3.5098],[-4.16667,-3.5098],[-4.36275,-3.5098],[-4.55882,-3.54902],[-4.7549,-3.58824],[-4.95098,-3.60784],[-5.14706,-3.64706],[-5.36275,-3.66667],[-5.55882,-3.66667],[-5.77451,-3.68627],[-5.93137,-3.82353],[-5.97059,-4.03922],[-5.97059,-4.27451],[-5.97059,-4.47059],[-5.79412,-4.56863],[-5.59804,-4.58824],[-5.40196,-4.58824],[-5.18627,-4.58824],[-4.9902,-4.58824],[-4.79412,-4.56863],[-4.69608,-4.7451],[-4.61765,-4.96078],[-4.51961,-5.13725],[-4.32353,-5.21569],[-4.12745,-5.37255],[-3.97059,-5.5098],[-3.7549,-5.56863],[-3.55882,-5.56863],[-3.36275,-5.56863],[-3.16667,-5.56863],[-2.95098,-5.56863],[-2.73529,-5.56863],[-2.51961,-5.54902],[-2.28431,-5.52941],[-2.08824,-5.58824],[-1.97059,-5.82353],[-1.93137,-6.07843],[-1.93137,-6.27451],[-1.97059,-6.47059],[-2.12745,-6.60784],[-2.28431,-6.7451],[-2.48039,-6.78431],[-2.67647,-6.82353],[-2.89216,-6.84314],[-3.08824,-6.86275],[-3.32353,-6.88235],[-3.53922,-6.90196],[-3.7549,-6.94118],[-3.9902,-7.01961],[-4.18627,-7.05882],[-4.40196,-7.13725],[-4.61765,-7.15686],[-4.81373,-7.15686],[-5.0098,-7.13725],[-5.12745,-6.96078],[-5.18627,-6.76471],[-5.18627,-6.56863],[-5.18627,-6.37255],[-5.18627,-6.17647],[-5.18627,-5.98039],[-5.22549,-5.78431],[-5.44118,-5.76471],[-5.65686,-5.72549],[-5.85294,-5.72549],[-6.04902,-5.72549],[-6.10784,-5.92157],[-6.14706,-6.13725],[-6.18627,-6.33333],[-6.2451,-6.56863],[-6.32353,-6.76471],[-6.38235,-7],[-6.48039,-7.21569],[-6.67647,-7.37255],[-6.87255,-7.39216],[-7.06863,-7.41176],[-7.28431,-7.41176],[-7.46078,-7.2549],[-7.46078,-7.01961],[-7.46078,-6.78431],[-7.46078,-6.58824],[-7.42157,-6.37255],[-7.40196,-6.17647],[-7.40196,-5.98039],[-7.40196,-5.76471],[-7.40196,-5.56863],[-7.59804,-5.4902],[-7.81373,-5.47059],[-8.0098,-5.47059],[-8.22549,-5.47059],[-8.42157,-5.47059],[-8.61765,-5.47059],[-8.77451,-5.58824],[-8.87255,-5.80392],[-8.89216,-6.01961],[-8.89216,-6.21569],[-8.89216,-6.41176],[-8.89216,-6.62745],[-8.95098,-6.82353],[-9.04902,-7],[-9.20588,-7.13725],[-9.42157,-7.17647],[-9.61765,-7.19608],[-9.7549,-7.03922],[-9.79412,-6.82353],[-9.79412,-6.60784],[-9.79412,-6.41176],[-9.79412,-6.15686],[-9.79412,-5.94118],[-9.79412,-5.72549],[-9.87255,-5.52941],[-9.89216,-5.31373],[-10.0882,-5.27451],[-10.2843,-5.27451],[-10.4804,-5.27451],[-10.598,-5.43137],[-10.6176,-5.62745],[-10.6176,-5.82353],[-10.6176,-6.03922],[-10.6176,-6.23529],[-10.6176,-6.45098],[-10.6373,-6.64706],[-10.6961,-6.84314],[-10.7549,-7.05882],[-10.9118,-7.19608],[-11.0882,-7.07843]]



ejemplo5=[[0,9],[0.1,9.1],[-9.78431000000000, 8.31373000000000], [-9.50980000000000, 8], [-9.19608000000000, 7.72549000000000], [-8.88235000000000, 7.41176000000000], [-8.60784000000000, 7.09804000000000], [-8.25490000000000, 6.86275000000000], [-7.94118000000000, 6.54902000000000], [-7.66667000000000, 6.23529000000000], [-7.31373000000000, 6.03922000000000], [-6.96078000000000, 5.84314000000000], [-6.64706000000000, 5.60784000000000], [-6.33333000000000, 5.37255000000000], [-5.94118000000000, 5.21569000000000], [-5.58824000000000, 4.98039000000000], [-5.23529000000000, 4.78431000000000], [-4.88235000000000, 4.54902000000000], [-4.49020000000000, 4.39216000000000], [-4.09804000000000, 4.31373000000000], [-3.66667000000000, 4.27451000000000], [-3.27451000000000, 4.03922000000000], [-2.88235000000000, 3.92157000000000], [-2.49020000000000, 3.76471000000000], [-2.09804000000000, 3.68627000000000], [-1.70588000000000, 3.64706000000000], [-1.31373000000000, 3.56863000000000], [-0.921569000000000, 3.49020000000000], [-0.529412000000000, 3.45098000000000], [-0.137255000000000, 3.45098000000000], [-0.215686000000000, 3.96078000000000], [-0.215686000000000, 4.35294000000000], [-0.215686000000000, 4.74510000000000], [-0.333333000000000, 5.17647000000000], [-0.333333000000000, 5.64706000000000], [-0.333333000000000, 6.03922000000000], [-0.176471000000000, 6.50980000000000], [-0.0196078000000000, 6.90196000000000], [0.215686000000000, 7.21569000000000], [0.568627000000000, 7.52941000000000], [0.882353000000000, 7.80392000000000], [1.15686000000000, 8.11765000000000], [1.47059000000000, 8.35294000000000], [1.78431000000000, 8.58824000000000], [2.13725000000000, 8.78431000000000], [2.52941000000000, 8.94118000000000], [2.92157000000000, 9.01961000000000], [3.31373000000000, 9.13725000000000], [3.70588000000000, 9.25490000000000], [4.09804000000000, 9.25490000000000], [4.49020000000000, 9.25490000000000], [4.88235000000000, 9.29412000000000], [5.27451000000000, 9.29412000000000], [5.66667000000000, 9.25490000000000], [6.05882000000000, 9.09804000000000], [6.45098000000000, 8.90196000000000], [6.80392000000000, 8.70588000000000], [7.15686000000000, 8.47059000000000], [7.47059000000000, 8.23529000000000], [7.78431000000000, 7.96078000000000], [8.41176000000000, 7.84314000000000], [8.80392000000000, 7.96078000000000], [9.19608000000000, 8.03922000000000], [9.54902000000000, 8.23529000000000], [9.94118000000000, 8.39216000000000], [10.2941000000000, 8.58824000000000], [10.6471000000000, 8.78431000000000], [10.6078000000000, 8.54902000000000], [10.4118000000000, 8.19608000000000], [10.2157000000000, 7.80392000000000], [9.94118000000000, 7.49020000000000], [9.70588000000000, 7.17647000000000], [9.43137000000000, 6.86275000000000], [9.11765000000000, 6.62745000000000], [8.76471000000000, 6.39216000000000], [9.07843000000000, 6.39216000000000], [9.47059000000000, 6.39216000000000], [9.86275000000000, 6.43137000000000], [10.2157000000000, 6.62745000000000], [10.6078000000000, 6.70588000000000], [11, 6.82353000000000], [11.3529000000000, 7.01961000000000], [11.0784000000000, 6.54902000000000], [10.7647000000000, 6.27451000000000], [10.5294000000000, 5.92157000000000], [10.3333000000000, 5.52941000000000], [9.98039000000000, 5.33333000000000], [9.62745000000000, 5.13725000000000], [9.31373000000000, 4.90196000000000], [9, 4.66667000000000], [9, 4.27451000000000], [9.07843000000000, 3.88235000000000], [9.07843000000000, 3.45098000000000], [9.07843000000000, 3.05882000000000], [9.07843000000000, 2.62745000000000], [9, 2.23529000000000], [8.88235000000000, 1.84314000000000], [8.80392000000000, 1.41176000000000], [8.68627000000000, 1.01961000000000], [8.64706000000000, 0.627451000000000], [8.52941000000000, 0.196078000000000], [8.37255000000000, -0.196078000000000], [8.17647000000000, -0.549020000000000], [8.05882000000000, -0.941176000000000], [7.90196000000000, -1.33333000000000], [7.66667000000000, -1.64706000000000], [7.50980000000000, -2.03922000000000], [7.31373000000000, -2.39216000000000], [7.23529000000000, -2.78431000000000], [6.92157000000000, -3.41176000000000], [6.68627000000000, -3.76471000000000], [6.49020000000000, -4.11765000000000], [6.25490000000000, -4.43137000000000], [5.94118000000000, -4.70588000000000], [5.54902000000000, -4.98039000000000], [5.31373000000000, -5.29412000000000], [4.80392000000000, -5.88235000000000], [4.25490000000000, -6.43137000000000], [3.90196000000000, -6.62745000000000], [3.50980000000000, -6.78431000000000], [3.19608000000000, -7.01961000000000], [2.88235000000000, -7.25490000000000], [2.52941000000000, -7.45098000000000], [2.21569000000000, -7.72549000000000], [1.86275000000000, -7.96078000000000], [1.43137000000000, -8.11765000000000], [1, -8.19608000000000], [0.607843000000000, -8.31373000000000], [0.215686000000000, -8.47059000000000],[0,0], [-0.176471000000000, -8.54902000000000], [-0.568627000000000, -8.66667000000000], [-0.960784000000000, -8.78431000000000], [-1.35294000000000, -8.78431000000000], [-1.74510000000000, -8.86275000000000], [-2.13725000000000, -8.94118000000000], [-2.52941000000000, -9.05882000000000], [-2.92157000000000, -9.05882000000000], [-3.31373000000000, -9.05882000000000],[15.1,-10.],[15.,-10.1],[16.,-11.], [-3.70588000000000, -9.05882000000000], [-4.09804000000000, -9.17647000000000], [-4.49020000000000, -9.21569000000000], [-4.88235000000000, -9.21569000000000], [-5.27451000000000, -9.21569000000000], [-5.66667000000000, -9.21569000000000], [-6.05882000000000, -9.21569000000000], [-6.45098000000000, -9.21569000000000], [-6.84314000000000, -9.09804000000000], [-7.23529000000000, -8.94118000000000], [-7.62745000000000, -8.94118000000000], [-8.01961000000000, -8.90196000000000], [-8.41176000000000, -8.82353000000000], [-8.80392000000000, -8.62745000000000], [-9.11765000000000, -8.39216000000000], [-9.47059000000000, -8.19608000000000], [-9.86275000000000, -8.15686000000000], [-10.1765000000000, -7.92157000000000], [-10.5686000000000, -7.80392000000000], [-10.9216000000000, -7.60784000000000], [-11.2353000000000, -7.37255000000000], [-10.8039000000000, -7.29412000000000], [-10.3725000000000, -7.29412000000000], [-9.98039000000000, -7.13725000000000], [-9.58824000000000, -7.05882000000000], [-9.19608000000000, -7.01961000000000], [-8.80392000000000, -6.90196000000000], [-8.41176000000000, -6.86275000000000], [-8.01961000000000, -6.74510000000000], [-7.62745000000000, -6.70588000000000], [-7.23529000000000, -6.62745000000000], [-6.84314000000000, -6.50980000000000], [-6.49020000000000, -6.31373000000000], [-6.09804000000000, -6.07843000000000], [-5.70588000000000, -5.88235000000000], [-5.35294000000000, -5.68627000000000], [-5, -5.49020000000000], [-4.60784000000000, -5.33333000000000], [-5, -5.13725000000000], [-5.39216000000000, -5.05882000000000], [-5.78431000000000, -5.01961000000000], [-6.13725000000000, -4.82353000000000], [-6.52941000000000, -4.62745000000000], [-6.88235000000000, -4.39216000000000], [-7.23529000000000, -4.19608000000000], [-7.54902000000000, -3.96078000000000], [-7.82353000000000, -3.64706000000000], [-8.05882000000000, -3.33333000000000], [-8.29412000000000, -3.01961000000000], [-8.52941000000000, -2.70588000000000], [-8.72549000000000, -2.27451000000000], [-8.84314000000000, -1.88235000000000], [-8.52941000000000, -2], [-8.13725000000000, -2.11765000000000], [-7.74510000000000, -2.11765000000000], [-7.35294000000000, -2.03922000000000], [-7, -1.84314000000000], [-7.27451000000000, -1.72549000000000], [-7.62745000000000, -1.52941000000000], [-8.01961000000000, -1.33333000000000], [-8.41176000000000, -1.17647000000000], [-8.72549000000000, -0.901961000000000], [-9.03922000000000, -0.588235000000000], [-9.35294000000000, -0.274510000000000], [-9.54902000000000, 0.0784314000000000], [-9.82353000000000, 0.392157000000000], [-10.0196000000000, 0.745098000000000], [-10.2157000000000, 1.21569000000000], [-10.2941000000000, 1.60784000000000], [-10.4118000000000, 2], [-10.4118000000000, 2.39216000000000], [-10.4902000000000, 2.90196000000000], [-10.0980000000000, 2.78431000000000], [-9.70588000000000, 2.58824000000000], [-9.31373000000000, 2.47059000000000], [-8.92157000000000, 2.43137000000000], [-8.52941000000000, 2.39216000000000], [-8.88235000000000, 2.74510000000000], [-9.19608000000000, 2.98039000000000], [-9.43137000000000, 3.29412000000000], [-9.66667000000000, 3.60784000000000], [-9.86275000000000, 3.96078000000000],[-9.,3.], [-10.0196000000000, 4.35294000000000], [-10.1765000000000, 4.74510000000000], [-10.2941000000000, 5.13725000000000], [-10.3333000000000, 5.64706000000000], [-10.3725000000000, 6.03922000000000], [-10.3725000000000, 6.43137000000000], [-10.3725000000000, 6.82353000000000], [-10.2549000000000, 7.21569000000000], [-10.0588000000000, 7.56863000000000], [-9.90196000000000, 7.96078000000000]]
